22100001
22100002
22100003
22100004
22100005
22100006
22100007
22100008
22100009
22100010
22100011
22100012
22100013
22100014
22100015
22100016
22100017
22100018
22100019
22100020
22100021
22100022
22100023
22100024
22100025
22100026
22100027
22100028
22100029
22100030
22100031
22100032
22100033
22100034
22100035
22100036
22100037
22100038
22100039
22100040
22100041
22100042
22100043
22100044
22100045
22100046
22100047
22100048
22100049
22100050
22100051
22100052
22100053
22100054
22100055
22100056
22100057
22100058
22100059
22100060
22100061
22100062
22100063
22100064
22100065
22100066
22100067
22100068
22100069
22100070
22100071
22100072
22100073
22100074
22100075
22100076
22100077
22100078
22100079
22100080
22100081
22100082
22100083
22100084
22100085
22100086
22100087
22100088
22100089
22100090
22100091
22100092
22100093
22100094
22100095
22100096
22100097
22100098
22100099
22100100
22100101
22100102
22100103
22100104
22100105
22100106
22100107
22100108
22100109
22100110
22100111
22100112
22100113
22100114
22100115
22100116
22100117
22100118
22100119
22100120
22100121
22100122
22100123
22100124
22100125
22100126
22100127
22100128
22100129
22100130
22100131
22100132
22100133
22100134
22100135
22100136
22100137
22100138
22100139
22100140
22100141
22100142
22100143
22100144
22100145
22100146
22100147
22100148
22100149
22100150
22100151
22100152
22100153
22100154
22100155
22100156
22100158
22100159
22100160
22100161
22100162
22100163
22100164
22100165
22100166
22100167
22100168
22100169
22100170
22100171
22100172
22100173
22100174
22100175
22100176
22100177
22100178
22100179
22100180
22100181
22100182
22100183
22100184
22100185
22100186
22100187
22100188
22100189
22100190
22100191
22100192
22100193
22100194
22100195
22100196
22100197
22100198
22100199
22100200
22100201
22100202
22100203
22100204
22100205
22100206
22100207
22100208
22100209
22100210
22100211
22100212
22100213
22100214
22100215
22100216
22100217
22100218
22100219
22100220
22100221
22100222
22100223
22100224
22100225
22100226
22100227
22100228
22100229
22100230
22100231
22100232
22100233
22100234
22100235
22100236
22100237
22100238
22100239
22100240
22100241
22100242
22100243
22100244
22100245
22100246
22100247
22100248
22100249
22100250
22100251
22100252
22100253
22100254
22100255
22100256
22100257
22100258
22100259
22100260
22100261
22100262
22100263
22100264
22100265
22100266
22100267
22100268
22100269
22100270
22100271
22100272
22100273
22100274
22100275
22100276
22100277
22100278
22100279
22100280
22100281
22100282
22100283
22100284
22100285
22100286
22100287
22100288
22100289
22100290
22100291
22100292
22100293
22100294
22100295
22100296
22100297
22100298
22100299
22100300
22100301
22100302
22100303
22100304
22100305
22100306
22100307
22100308
22100309
22100310
22100311
22100312
22100313
22100314
22100315
22100316
22100317
22100318
22100319
22100320
22100321
22100322
22100323
22100324
22100325
22100326
22100327
22100328
22100329
22100330
22100331
22100332
22100333
22100334
22100335
22100336
22100337
22100338
22100339
22100340
22100341
22100342
22100343
22100344
22100345
22100346
22100347
22100348
22100349
22100350
22100351
22100352
22100353
22100354
22100355
22100356
22100357
22100358
22100359
22100360
22100361
22100362
22100363
22100364
22100365
22100366
22100367
22100368
22100369
22100370
22100371
22100372
22100373
22100374
22100375
22100376
22100377
22100378
22100379
22100380
22100381
22100382
22100383
22100384
22100385
22100386
22100387
22100388
22100389
22100390
22100391
22100392
22100393
22100394
22100395
22100396
22100397
22100398
22100399
22100400
22100401
22100402
22100403
22100404
22100405
22100406
22100407
22100408
22100409
22100410
22100411
22100412
22100413
22100414
22100415
22100416
22100417
22100418
22100419
22100420
22100421
22100422
22100423
22100424
22100425
22100426
22100427
22100428
22100429
22100430
22100431
22100432
22100433
22100434
22100435
22100436
22100437
22100438
22100439
22100440
22100441
22100442
22100443
22100444
22100445
22100446
22100447
22100448
22100449
22100450
22100451
22100452
22100453
22100454
22100455
22100456
22100457
22100458
22100459
22100460
22100461
22100462
22100463
22100464
22100465
22100466
22100467
22100468
22100469
22100470
22100471
22100472
22100473
22100474
22100475
22100476
22100477
22100478
22100479
22100480
22100481
22100482
22100483
22100484
22100485
22100486
22100487
22100488
22100489
22100490
22100491
22100492
22100493
22100494
22100495
22100496
22100497
22100498
22100499
22100500
22100501
22100502
22100503
22100504
22100505
22100506
22100507
22100508
22100509
22100510
22100511
22100512
22100513
22100514
22100515
22100516
22100517
22100518
22100519
22100520
22100521
22100522
22100523
22100524
22100525
22100526
22100527
22100528
22100529
22100530
22100531
22100532
22100533
22100534
22100535
22100536
22100537
22100538
22100539
22100540
22100541
22100542
22100543
22100544
22100545
22100546
22100547
22100548
22100549
22100550
22100551
22100552
22100553
22100554
22100555
22100556
22100557
22100558
22100559
22100560
22100561
22100562
22100563
22100564
22100565
22100566
22100567
22100568
22100569
22100570
22100571
22100572
22100573
22100574
22100575
22100576
22100577
22100578
22100579
22100580
22100581
22100583
22100584
22100585
22100586
22100587
22100588
22100589
22100590
22100591
22100592
22100593
22100594
22100595
22100596
22100597
22100598
22100599
22100600
22100601
22100602
22100603
22100604
22100605
22100606
22100607
22100608
22100609
22100610
22100611
22100612
22100613
22100614
22100615
22100616
22100617
22100618
22100619
22100620
22100621
22100622
22100623
22100624
22100625
22100626
22100627
22100628
22100629
22100630
22100631
22100632
22100633
22100634
22100635
22100636
22100637
22100638
22100639
22100640
22100641
22100642
22100643
22100644
22100645
22100646
22100647
22100648
22100649
22100650
22100651
22100652
22100653
22100654
22100655
22100656
22100657
22100658
22100659
22100660
22100661
22100662
22100663
22100664
22100665
22100666
22100667
22100668
22100669
22100670
22100671
22100672
22100673
22100674
22100675
22100676
22100677
22100678
22100679
22100680
22100681
22100682
22100683
22100684
22100685
22100686
22100687
22100688
22100689
22100690
22100691
22100692
22100693
22100694
22100695
22100696
22100697
22100698
22100699
22100700
22100701
22100702
22100703
22100704
22100705
22100706
22100707
22100708
22100709
22100710
22100711
22100712
22100713
22100714
22100715
22100716
22100717
22100718
22100719
22100720
22100721
22100722
22100723
22100724
22100725
22100726
22100727
22100728
22100729
22100730
22100731
22100732
22100733
22100734
22100735
22100736
22100737
22100738
22100739
22100740
22100741
22100742
22100743
22100744
22100745
22100746
22100747
22100748
22100749
22100750
22100751
22100752
22100753
22100754
22100755
22100756
22100757
22100758
22100759
22100760
22100761
22100762
22100763
22100764
22100765
22100766
22100767
22100768
22100769
22100770
22100771
22100772
22100773
22100774
22100775
22100776
22100777
22100778
22100779
22100780
22100781
22100782
22100783
22100784
22100785
22100786
22100787
22100788
22100789
22100790
22100791
22100792
22100793
22100794
22100795
22100796
22100797
22100798
22100799
22100800
22100801
22100802
22100803
22100804
22100805
22100806
22100807
22100808
22100809
22100810
22100811
22100812
22100813
22100814
22100815
22100816
22100817
22100818
22100819
22100820
22100821
22100822
22100823
22100824
22100825
22100826
22100827
22100828
22100829
22100830
22100831
22100832
22100833
22100834
22100835
22100836
22100837
22100838
22100839
22100840
22100841
22100842
22100843
22100844
22100845
22100846
22100847
22100848
22100849
22100850
22100851
22100852
22100853
22100854
22100855
22100856
22100857
22100858
22100859
22100860
22100861
22100862
22100863
22100864
22100865
22100866
22100867
22100868
22100869
22100870
22100871
22100872
22100873
22100874
22100875
22100876
22100877
22100878
22100879
22100880
22100881
22100882
22100883
22100884
22100885
22100886
22100887
22100888
22100889
22100890
22100891
22100892
22100893
22100894
22100895
22100896
22100897
22100898
22100899
22100900
22100901
22100902
22100903
22100904
22100905
22100906
22100907
22100908
22100909
22100910
22100911
22100912
22100913
22100914
22100915
22100916
22100917
22100918
22100919
22100920
22100921
22100922
22100923
22100924
22100925
22100926
22100927
22100928
22100929
22100930
22100931
22100932
22100933
22100934
22100935
22100936
22100937
22100938
22100939
22100940
22100941
22100942
22100943
22100944
22100945
22100946
22100947
22100948
22100949
22100950
22100951
22100952
22100953
22100954
22100955
22100956
22100957
22100958
22100959
22100960
22100961
22100962
22100963
22100964
22100965
22100966
22100967
22100968
22100969
22100970
22100971
22100972
22100973
22100974
22100975
22100976
22100977
22100978
22100979
22100980
22100981
22100982
22100983
22100984
22100985
22100986
22100987
22100988
22100989
22100990
22100991
22100992
22100993
22100994
22100995
22100996
22100997
22100998
22100999
22101000
22101001
22101002
22101003
22101004
22101005
22101006
22101007
22101008
22101009
22101010
22101011
22101012
22101013
22101014
22101015
22101016
22101017
22101018
22101019
22101020
22101021
22101022
22101023
22101024
22101025
22101026
22101027
22101028
22101029
22101030
22101031
22101032
22101033
22101034
22101035
22101036
22101037
22101038
22101039
22101040
22101041
22101042
22101043
22101044
22101045
22101046
22101047
22101048
22101049
22101050
22101051
22101052
22101053
22101054
22101055
22101056
22101057
22101058
22101059
22101060
22101061
22101062
22101063
22101064
22101065
22101066
22101067
22101068
22101069
22101070
22101071
22101072
22101073
22101074
22101075
22101076
22101077
22101078
22101079
22101080
22101081
22101082
22101083
22101084
22101085
22101086
22101087
22101088
22101089
22101090
22101091
22101092
22101093
22101094
22101095
22101096
22101097
22101098
22101099
22101100
22101101
22101102
22101103
22101104
22101105
22101106
22101107
22101108
22101109
22101110
22101111
22101112
22101113
22101114
22101115
22101116
22101117
22101118
22101119
22101120
22101121
22101122
22101123
22101124
22101125
22101126
22101127
22101128
22101129
22101130
22101131
22101132
22101133
22101134
22101135
22101136
22101137
22101138
22101139
22101140
22101141
22101142
22101143
22101144
22101145
22101146
22101147
22101148
22101149
22101150
22101151
22101152
22101153
22101154
22101155
22101156
22101157
22101158
22101159
22101160
22101161
22101162
22101163
22101164
22101165
22101166
22101167
22101168
22101169
22101170
22101171
22101172
22101173
22101174
22101175
22101176
22101177
22101178
22101179
22101180
22101181
22101182
22101183
22101184
22101185
22101186
22101187
22101188
22101189
22101190
22101191
22101192
22101193
22101194
22101195
22101196
22101197
22101198
22101199
22101200
22101201
22101202
22101203
22101204
22101205
22101206
22101207
22101208
22101209
22101210
22101211
22101212
22101213
22101214
22101215
22101216
22101217
22101218
22101219
22101220
22101221
22101222
22101223
22101224
22101225
22101226
22101227
22101228
22101229
22101230
22200001
22200002
22200003
22200004
22200005
22200006
22200007
22200008
22200009
22200010
22200011
22200012
22200013
22200014
22200015
22200016
22200017
22200018
22200019
22200020
22200021
22200022
22200023
22200024
22200025
22200026
22200027
22200028
22200029
22200030
22200031
22200032
22200033
22200034
22200035
22200036
22200037
22200038
22200039
22200040
22200041
22200042
22200043
22200044
22200045
22200046
22200047
22200048
22200049
22200050
22200051
22200052
22200053
22200054
22200055
22200056
22200057
22200058
22200059
22200060
22200061
22200062
22200063
22200064
22200065
22200066
22200067
22200068
22200069
22200070
22200071
22200072
22200073
22200074
22200075
22200076
22200077
22200078
22200079
22200080
22200081
22200082
22200083
22200084
22200085
22200086
22200087
22200088
22200089
22200090
22200091
22200092
22200093
22200094
22200095
22200096
22200097
22200098
22200099
22200100
22200101
22200102
22200103
22200104
22200105
22200106
22200107
22200108
22200109
22200110
22200111
22200112
22200113
22200114
22200115
22200116
22200117
22200118
22200119
22200120
22200121
22200122
22200123
22200124
22200125
22200126
22200127
22200128
22200129
22200130
22200131
22200132
22200133
22200134
22200135
22200136
22200137
22200138
22200139
22200140
22200141
22200142
22200143
22200144
22200145
22200146
22200147
22200148
22200149
22200150
22200151
22200152
22200153
22200154
22200155
22200156
22200157
22200158
22200159
22200160
22200161
22200162
22200163
22200164
22200165
22200166
22200167
22200168
22200169
22200170
22200171
22200172
22200173
22200174
22200175
22200176
22200177
22200178
22200179
22200180
22200181
22200182
22200183
22200184
22200185
22200186
22200187
22200188
22200189
22200190
22200191
22200192
22200193
22200194
22200195
22200196
22200197
22200198
22200199
22200200
22200201
22200202
22200203
22200204
22200205
22200206
22200207
22200208
22200209
22200210
22200211
22200212
22200213
22200214
22200215
22200216
22200217
22200218
22200219
22200220
22200221
22200222
22200223
22200224
22200225
22200226
22200227
22200228
22200229
22200230
22200231
22200232
22200233
22200234
22200235
22200236
22200237
22200238
22200239
22200240
22200241
22200242
22200243
22200244
22200245
22200246
22200247
22200248
22200249
22200250
22200251
22200252
22200253
22200254
22200255
22200256
22200257
22200258
22200259
22200260
22200261
22200262
22200263
22200264
22200265
22200266
22200267
22200268
22200269
22200270
22200271
22200272
22200273
22200274
22200275
22200276
22200277
22200278
22200279
22200280
22200281
22200282
22200283
22200284
22200285
22200286
22200287
22200288
22200289
22200290
22200291
22200292
22200293
22200294
22200295
22200296
22200297
22200298
22200299
22200300
22200301
22200302
22200303
22200304
22200305
22200306
22200307
22200308
22200309
22200310
22200311
22200312
22200313
22200314
22200315
22200316
22200317
22200318
22200319
22200320
22200321
22200322
22200323
22200324
22200325
22200326
22200327
22200328
22200329
22200330
22200331
22200332
22200333
22200334
22200335
22200336
22200337
22200338
22200339
22200340
22200341
22200342
22200343
22200344
22200345
22200346
22200347
22200348
22200349
22200350
22200351
22200352
22200353
22200354
22200355
22200356
22200357
22200358
22200359
22200360
22200361
22200362
22200363
22200364
22200365
22200366
22200367
22200368
22200369
22200370
22200371
22200372
22200373
22200374
22200375
22200376
22200377
22200378
22200379
22200380
22200381
22200382
22200383
22200384
22200385
22200386
22200387
22200388
22200389
22200390
22200391
22200392
22200393
22200394
22200395
22200396
22200397
22200398
22200399
22200400
22200401
22200402
22200403
22200404
22200405
22200406
22200407
22200408
22200409
22200410
22200411
22200412
22200413
22200414
22200415
22200416
22200417
22200418
22200419
22200420
22200421
22200422
22200423
22200424
22200425
22200426
22200427
22200428
22200429
22200430
22200431
22200432
22200433
22200434
22200435
22200436
22200437
22200438
22200439
22200440
22200441
22200442
22200443
22200444
22200445
22200446
22200447
22200448
22200449
22200450
22200451
22200452
22200453
22200454
22200455
22200456
22200457
22200458
22200459
22200460
22200461
22200462
22200463
22200464
22200465
22200466
22200467
22200468
22200469
22200470
22200471
22200472
22200473
22200474
22200475
22200476
22200477
22200478
22200479
22200480
22200481
22200482
22200483
22200484
22200485
22200486
22200487
22200488
22200489
22200490
22200491
22200492
22200493
22200494
22200495
22200496
22200497
22200498
22200499
22200500
22200501
22200502
22200503
22200504
22200505
22200506
22200507
22200508
22200509
22200510
22200511
22200512
22200513
22200514
22200515
22200516
22200517
22200518
22200519
22200520
22200521
22200522
22200523
22200524
22200525
22200526
22200527
22200528
22200529
22200530
22200531
22200532
22200533
22200534
22200535
22200536
22200537
22200538
22200539
22200540
22200541
22200542
22200543
22200544
22200545
22200546
22200547
22200548
22200549
22200550
22200551
22200552
22200553
22200554
22200555
22200556
22200557
22200558
22200559
22200560
22200561
22200562
22200563
22200564
22200565
22200566
22200567
22200568
22200569
22200570
22200571
22200572
22200573
22200574
22200575
22200576
22200577
22200578
22200579
22200580
22200581
22200582
22200583
22200584
22200585
22200586
22200587
22200588
22200589
22200590
22200591
22200592
22200593
22200594
22200595
22200596
22200597
22200598
22200599
22200600
22200601
22200602
22200603
22200604
22200605
22200606
22200607
22200608
22200609
22200610
22200611
22200612
22200613
22200614
22200615
22200616
22200617
22200618
22200619
22200620
22200621
22200622
22200623
22200624
22200625
22200626
22200627
22200628
22200629
22200630
22200631
22200632
22200633
22200634
22200635
22200636
22200637
22200638
22200639
22200640
22200641
22200642
22200643
22200644
22200645
22200646
22200647
22200648
22200649
22200650
22200651
22200652
22200653
22200654
22200655
22200656
22200657
22200658
22200659
22200660
22200661
22200662
22200663
22200664
22200665
22200666
22200667
22200668
22200669
22200670
22200671
22200672
22200673
22200674
22200675
22200676
22200677
22200678
22200679
22200680
22200681
22200682
22200683
22200684
22200685
22200686
22200687
22200688
22200689
22200690
22200691
22200692
22200693
22200694
22200695
22200696
22200697
22200698
22200699
22200700
22200701
22200702
22200703
22200704
22200705
22200706
22200707
22200708
22200709
22200710
22200711
22200712
22200713
22200714
22200715
22200716
22200717
22200718
22200719
22200720
22200721
22200722
22200723
22200724
22200725
22200726
22200727
22200728
22200729
22200730
22200731
22200732
22200733
22200734
22200735
22200736
22200737
22200738
22200739
22200740
22200741
22200742
22200743
22200744
22200745
22200746
22200747
22200748
22200749
22200750
22200751
22200752
22200753
22200754
22200755
22200756
22200757
22200758
22200759
22200760
22200761
22200762
22200763
22200764
22200765
22200766
22200767
22200768
22200769
22200770
22200771
22200772
22200773
22200774
22200775
22200776
22200777
22200778
22200779
22200780
22200781
22200782
22200783
22200784
22200785
22200786
22200787
22200788
22200789
22200790
22200791
22200792
22200793
22200794
22200795
22200796
22200797
22200798
22200799
22200800
22200801
22200802
22200803
22200804
22200805
22200806
22200807
22200808
22200809
22200810
22200811
22200812
22200813
22200814
22200815
22200816
22200817
22200818
22200819
22200820
22200821
22200822
22200823
22200824
22200825
22200826
22200827
22200828
22200829
22200830
22200831
22200832
22200833
22200834
22200835
22200836
22200837
22200838
22200839
22200840
22200841
22200842
22200843
22200844
22200845
22200846
22200847
22200848
22200849
22200850
22200851
22200852
22200853
22200854
22200855
22200856
22200857
22200858
22200859
22200860
22200861
22200862
22200863
22200864
22200865
22200866
22200867
22200868
22200869
22200870
22200871
22200872
22200873
22200874
22200875
22200876
22200877
22200878
22200879
22200880
22200881
22200882
22200883
22200884
22200885
22200886
22200887
22200888
22200889
22200890
22200891
22200892
22200893
22200894
22200895
22200896
22200897
22200898
22200899
22200900
22200901
22200902
22200903
22200904
22200905
22200906
22200907
22200908
22200909
22200910
22200911
22200912
22200913
22200914
22200915
22200916
22200917
22200918
22200919
22200920
22200921
22200922
22200923
22200924
22200925
22200926
22200927
22200928
22200929
22200930
22200931
22200932
22200933
22200934
22200935
22200936
22200937
22200938
22200939
22200940
22200941
22200942
22200943
22200944
22200945
22200946
22200947
22200948
22200949
22200950
22200951
22200952
22200953
22200954
22200955
22200956
22200957
22200958
22200959
22200960
22200961
22200962
22200963
22200964
22200965
22200966
22200967
22200968
22200969
22200970
22200971
22200972
22200973
22200974
22200975
22200976
22200977
22200978
22200979
22200980
22200981
22200982
22200983
22200984
22200985
22200986
22200987
22200988
22200989
22200990
22200991
22200992
22200993
22200994
22200995
22200996
22200997
22200998
22200999
22201000
22201001
22201002
22201003
22201004
22201005
22201006
22201007
22201008
22201009
22201010
22201011
22201012
22201013
22201014
22201015
22201016
22201017
22201018
22201019
22201020
22201021
22201022
22201023
22201024
22201025
22201026
22201027
22201028
22201029
22201030
22201031
22201032
22201033
22201034
22201035
22201036
22201037
22201038
22201039
22201040
22201041
22201042
22201043
22201044
22201045
22201046
22201047
22201048
22201049
22201050
22201051
22201052
22201053
22201054
22201055
22201056
22201057
22201058
22201059
22201060
22201061
22201062
22201063
22201064
22201065
22201066
22201067
22201068
22201069
22201070
22201071
22201072
22201073
22201074
22201075
22201076
22201077
22201078
22201079
22201080
22201081
22201082
22201083
22201084
22201085
22201086
22201087
22201088
22201089
22201090
22201091
22201092
22201093
22201094
22201095
22201096
22201097
22201098
22201099
22201100
22201101
22201102
22201103
22201104
22201105
22201106
22201107
22201108
22201109
22201110
22201111
22201112
22201113
22201114
22201115
22201116
22201117
22201118
22201119
22201120
22201121
22201122
22201123
22201124
22201125
22201126
22201127
22201128
22201129
22201130
22201131
22201132
22201133
22201134
22201135
22201136
22201137
22201138
22201139
22201140
22201141
22201142
22201143
22201144
22201145
22201146
22201147
22201148
22201149
22201150
22201151
22201152
22201153
22201154
22201155
22201156
22201157
22201158
22201159
22201160
22201161
22201162
22201163
22201164
22201165
22201166
22201167
22201168
22201169
22201170
22201171
22201172
22201173
22201174
22201175
22201176
22201177
22201178
22201179
22201180
22201181
22201182
22201183
22201184
22201185
22201186
22201187
22201188
22201189
22201190
22201191
22201192
22201193
22201194
22201195
22201196
22201197
22201198
22201199
22201200
22201201
22201202
22201203
22201204
22201205
22201206
22201207
22201208
22201209
22201210
22201211
22201212
22201213
22201214
22201215
22201216
22201217
22201218
22201219
22201220
22201221
22201222
22201223
22201224
22201225
22201226
22201227
22201228
22201229
22201230
22300001
22300002
22300003
22300004
22300005
22300006
22300007
22300008
22300009
22300010
22300011
22300012
22300013
22300014
22300015
22300016
22300017
22300018
22300019
22300020
22300021
22300022
22300023
22300024
22300025
22300026
22300027
22300028
22300029
22300030
22300031
22300032
22300033
22300034
22300035
22300036
22300037
22300038
22300039
22300040
22300041
22300042
22300043
22300044
22300045
22300046
22300047
22300048
22300049
22300050
22300051
22300052
22300053
22300054
22300055
22300056
22300057
22300058
22300059
22300060
22300061
22300062
22300063
22300064
22300065
22300066
22300067
22300068
22300069
22300070
22300071
22300072
22300073
22300074
22300075
22300076
22300077
22300078
22300079
22300080
22300081
22300082
22300083
22300084
22300085
22300086
22300087
22300088
22300089
22300090
22300091
22300092
22300093
22300094
22300095
22300096
22300097
22300098
22300099
22300100
22300101
22300102
22300103
22300104
22300105
22300106
22300107
22300108
22300109
22300110
22300111
22300112
22300113
22300114
22300115
22300116
22300117
22300118
22300119
22300120
22300121
22300122
22300123
22300124
22300125
22300126
22300127
22300128
22300129
22300130
22300131
22300132
22300133
22300134
22300135
22300136
22300137
22300138
22300139
22300140
22300141
22300142
22300143
22300144
22300145
22300146
22300147
22300148
22300149
22300150
22300151
22300152
22300153
22300154
22300155
22300156
22300157
22300158
22300159
22300160
22300161
22300162
22300163
22300164
22300165
22300166
22300167
22300168
22300169
22300170
22300171
22300172
22300173
22300174
22300175
22300176
22300177
22300178
22300179
22300180
22300181
22300182
22300183
22300184
22300185
22300186
22300187
22300188
22300189
22300190
22300191
22300192
22300193
22300194
22300195
22300196
22300197
22300198
22300199
22300200
22300201
22300202
22300203
22300204
22300205
22300206
22300207
22300208
22300209
22300210
22300211
22300212
22300213
22300214
22300215
22300216
22300217
22300218
22300219
22300220
22300221
22300222
22300223
22300224
22300225
22300226
22300227
22300228
22300229
22300230
22300231
22300232
22300233
22300234
22300235
22300236
22300237
22300238
22300239
22300240
22300241
22300242
22300243
22300244
22300245
22300246
22300247
22300248
22300249
22300250
22300251
22300252
22300253
22300254
22300255
22300256
22300257
22300258
22300259
22300260
22300261
22300262
22300263
22300264
22300265
22300266
22300267
22300268
22300269
22300270
22300271
22300272
22300273
22300274
22300275
22300276
22300277
22300278
22300279
22300280
22300281
22300282
22300283
22300284
22300285
22300286
22300287
22300288
22300289
22300290
22300291
22300292
22300293
22300294
22300295
22300296
22300297
22300298
22300299
22300300
22300301
22300302
22300303
22300304
22300305
22300306
22300307
22300308
22300309
22300310
22300311
22300312
22300313
22300314
22300315
22300316
22300317
22300318
22300319
22300320
22300321
22300322
22300323
22300324
22300325
22300326
22300327
22300328
22300329
22300330
22300331
22300332
22300333
22300334
22300335
22300336
22300337
22300338
22300339
22300340
22300341
22300342
22300343
22300344
22300345
22300346
22300347
22300348
22300349
22300350
22300351
22300352
22300353
22300354
22300355
22300356
22300357
22300358
22300359
22300360
22300361
22300362
22300363
22300364
22300365
22300366
22300367
22300368
22300369
22300370
22300371
22300372
22300373
22300374
22300375
22300376
22300377
22300378
22300379
22300380
22300381
22300382
22300383
22300384
22300385
22300386
22300387
22300388
22300389
22300390
22300391
22300392
22300393
22300394
22300395
22300396
22300397
22300398
22300399
22300400
22300401
22300402
22300403
22300404
22300405
22300406
22300407
22300408
22300409
22300410
22300411
22300412
22300413
22300414
22300415
22300416
22300417
22300418
22300419
22300420
22300421
22300422
22300423
22300424
22300425
22300426
22300427
22300428
22300429
22300430
22300431
22300432
22300433
22300434
22300435
22300436
22300437
22300438
22300439
22300440
22300441
22300442
22300443
22300444
22300445
22300446
22300447
22300448
22300449
22300450
22300451
22300452
22300453
22300454
22300455
22300456
22300457
22300458
22300459
22300460
22300461
22300462
22300463
22300464
22300465
22300466
22300467
22300468
22300469
22300470
22300471
22300472
22300473
22300474
22300475
22300476
22300477
22300478
22300479
22300480
22300481
22300482
22300483
22300484
22300485
22300486
22300487
22300488
22300489
22300490
22300491
22300492
22300493
22300494
22300495
22300496
22300497
22300498
22300499
22300500
22300501
22300502
22300503
22300504
22300505
22300506
22300507
22300508
22300509
22300510
22300511
22300512
22300513
22300514
22300515
22300516
22300517
22300518
22300519
22300520
22300521
22300522
22300523
22300524
22300525
22300526
22300527
22300528
22300529
22300530
22300531
22300532
22300533
22300534
22300535
22300536
22300537
22300538
22300539
22300540
22300541
22300542
22300543
22300544
22300545
22300546
22300547
22300548
22300549
22300550
22300551
22300552
22300553
22300554
22300555
22300556
22300557
22300558
22300559
22300560
22300561
22300562
22300563
22300564
22300565
22300566
22300567
22300568
22300569
22300570
22300571
22300572
22300573
22300574
22300575
22300576
22300577
22300578
22300579
22300580
22300581
22300582
22300583
22300584
22300585
22300586
22300587
22300588
22300590
22300591
22300592
22300593
22300594
22300595
22300596
22300597
22300598
22300599
22300600
22300601
22300602
22300603
22300604
22300605
22300606
22300607
22300608
22300609
22300610
22300611
22300612
22300613
22300614
22300615
22300616
22300617
22300618
22300619
22300620
22300621
22300622
22300623
22300624
22300625
22300626
22300627
22300628
22300629
22300630
22300631
22300632
22300633
22300634
22300635
22300636
22300637
22300638
22300639
22300640
22300641
22300642
22300643
22300644
22300645
22300646
22300647
22300648
22300649
22300650
22300651
22300652
22300653
22300654
22300655
22300656
22300657
22300658
22300659
22300660
22300661
22300662
22300663
22300664
22300665
22300666
22300667
22300668
22300669
22300670
22300671
22300672
22300673
22300674
22300675
22300676
22300677
22300678
22300679
22300680
22300681
22300682
22300683
22300684
22300685
22300686
22300687
22300688
22300689
22300690
22300691
22300692
22300693
22300694
22300695
22300696
22300697
22300698
22300699
22300700
22300701
22300702
22300703
22300704
22300705
22300706
22300707
22300708
22300709
22300710
22300711
22300712
22300713
22300714
22300715
22300716
22300717
22300718
22300719
22300720
22300721
22300722
22300723
22300724
22300725
22300726
22300727
22300728
22300729
22300730
22300731
22300732
22300733
22300734
22300735
22300736
22300737
22300738
22300739
22300740
22300741
22300742
22300743
22300744
22300745
22300746
22300747
22300748
22300749
22300750
22300751
22300752
22300753
22300754
22300755
22300756
22300757
22300758
22300759
22300760
22300761
22300762
22300763
22300764
22300765
22300766
22300767
22300768
22300769
22300770
22300771
22300772
22300773
22300774
22300775
22300776
22300777
22300778
22300779
22300780
22300781
22300782
22300783
22300784
22300785
22300786
22300787
22300788
22300789
22300790
22300791
22300792
22300793
22300794
22300795
22300796
22300797
22300798
22300799
22300800
22300801
22300802
22300803
22300804
22300805
22300806
22300807
22300808
22300809
22300810
22300811
22300812
22300813
22300814
22300815
22300816
22300817
22300818
22300819
22300820
22300821
22300822
22300823
22300824
22300825
22300826
22300827
22300828
22300829
22300830
22300831
22300832
22300833
22300834
22300835
22300836
22300837
22300838
22300839
22300840
22300841
22300842
22300843
22300844
22300845
22300846
22300847
22300848
22300849
22300850
22300851
22300852
22300853
22300854
22300855
22300856
22300857
22300858
22300859
22300860
22300861
22300862
22300863
22300864
22300865
22300866
22300867
22300868
22300869
22300870
22300871
22300872
22300873
22300874
22300875
22300876
22300877
22300878
22300879
22300880
22300881
22300882
22300883
22300884
22300885
22300886
22300887
22300888
22300889
22300890
22300891
22300892
22300893
22300894
22300895
22300896
22300897
22300898
22300899
22300900
22300901
22300902
22300903
22300904
22300905
22300906
22300907
22300908
22300909
22300910
22300911
22300912
22300913
22300914
22300915
22300916
22300917
22300918
22300919
22300920
22300921
22300922
22300923
22300924
22300925
22300926
22300927
22300928
22300929
22300930
22300931
22300932
22300933
22300934
22300935
22300936
22300937
22300938
22300939
22300940
22300941
22300942
22300943
22300944
22300945
22300946
22300947
22300948
22300949
22300950
22300951
22300952
22300953
22300954
22300955
22300956
22300957
22300958
22300959
22300960
22300961
22300962
22300963
22300964
22300965
22300966
22300967
22300968
22300969
22300970
22300971
22300972
22300973
22300974
22300975
22300976
22300977
22300978
22300979
22300980
22300981
22300982
22300983
22300984
22300985
22300986
22300987
22300988
22300989
22300990
22300991
22300992
22300993
22300994
22300995
22300996
22300997
22300998
22300999
22301000
22301001
22301002
22301003
22301004
22301005
22301006
22301007
22301008
22301009
22301010
22301011
22301012
22301013
22301014
22301015
22301016
22301017
22301018
22301019
22301020
22301021
22301022
22301023
22301024
22301025
22301026
22301027
22301028
22301029
22301030
22301031
22301032
22301033
22301034
22301035
22301036
22301037
22301038
22301039
22301040
22301041
22301042
22301043
22301044
22301045
22301046
22301047
22301048
22301049
22301050
22301051
22301052
22301053
22301054
22301055
22301056
22301057
22301058
22301059
22301060
22301061
22301062
22301063
22301064
22301065
22301066
22301067
22301068
22301069
22301070
22301071
22301072
22301073
22301074
22301075
22301076
22301077
22301078
22301079
22301080
22301081
22301082
22301083
22301084
22301085
22301086
22301087
22301088
22301089
22301090
22301091
22301092
22301093
22301094
22301095
22301096
22301097
22301098
22301099
22301100
22301101
22301102
22301103
22301104
22301105
22301106
22301107
22301108
22301109
22301110
22301111
22301112
22301113
22301114
22301115
22301116
22301117
22301118
22301119
22301120
22301121
22301122
22301123
22301124
22301125
22301126
22301127
22301128
22301129
22301130
22301131
22301132
22301133
22301134
22301135
22301136
22301137
22301138
22301139
22301140
22301141
22301142
22301143
22301144
22301145
22301146
22301147
22301148
22301149
22301150
22301151
22301152
22301153
22301154
22301155
22301156
22301157
22301158
22301159
22301160
22301161
22301162
22301163
22301164
22301165
22301166
22301167
22301168
22301169
22301170
22301171
22301172
22301173
22301174
22301175
22301176
22301177
22301178
22301179
22301180
22301181
22301182
22301183
22301184
22301185
22301186
22301187
22301188
22301189
22301190
22301191
22301192
22301193
22301194
22301195
22301196
22301197
22301198
22301199
22301200
22301201
22301202
22301203
22301204
22301205
22301206
22301207
22301208
22301209
22301210
22301211
22301212
22301213
22301214
22301215
22301216
22301217
22301218
22301219
22301220
22301221
22301222
22301223
22301224
22301225
22301226
22301227
22301228
22301229
22301230
22400001
22400002
22400003
22400004
22400005
22400006
22400007
22400008
22400009
22400010
22400011
22400012
22400013
22400014
22400015
22400016
22400017
22400018
22400019
22400020
22400021
22400022
22400023
22400024
22400025
22400026
22400027
22400028
22400029
22400030
22400031
22400032
22400033
22400034
22400035
22400036
22400037
22400038
22400039
22400040
22400041
22400042
22400043
22400044
22400045
22400046
22400047
22400048
22400049
22400050
22400051
22400052
22400053
22400054
22400055
22400056
22400057
22400058
22400059
22400060
22400061
22400062
22400063
22400064
22400065
22400066
22400067
22400068
22400069
22400070
22400071
22400073
22400074
22400075
22400076
22400077
22400078
22400079
22400080
22400081
22400082
22400083
22400084
22400085
22400086
22400087
22400088
22400089
22400090
22400091
22400092
22400093
22400094
22400095
22400096
22400097
22400098
22400099
22400100
22400101
22400102
22400103
22400104
22400105
22400106
22400107
22400108
22400109
22400110
22400111
22400112
22400113
22400114
22400115
22400116
22400117
22400118
22400119
22400120
22400121
22400122
22400123
22400124
22400125
22400126
22400127
22400128
22400129
22400130
22400131
22400132
22400133
22400134
22400135
22400136
22400137
22400138
22400139
22400140
22400141
22400142
22400143
22400144
22400145
22400146
22400147
22400148
22400149
22400150
22400151
22400152
22400153
22400154
22400155
22400156
22400157
22400158
22400159
22400160
22400161
22400162
22400163
22400164
22400165
22400166
22400167
22400168
22400169
22400170
22400171
22400172
22400173
22400174
22400175
22400176
22400177
22400178
22400179
22400180
22400181
22400182
22400183
22400184
22400185
22400186
22400187
22400188
22400189
22400190
22400191
22400192
22400193
22400194
22400195
22400196
22400197
22400198
22400199
22400200
22400201
22400202
22400203
22400204
22400205
22400206
22400207
22400208
22400209
22400210
22400211
22400212
22400213
22400214
22400215
22400216
22400217
22400218
22400219
22400220
22400221
22400222
22400223
22400224
22400225
22400226
22400227
22400228
22400229
22400230
22400231
22400232
22400233
22400234
22400235
22400236
22400237
22400238
22400239
22400240
22400241
22400242
22400243
22400244
22400245
22400246
22400247
22400248
22400249
22400250
22400251
22400252
22400253
22400254
22400255
22400256
22400257
22400258
22400259
22400260
22400261
22400262
22400263
22400264
22400265
22400266
22400267
22400268
22400269
22400270
22400271
22400272
22400273
22400274
22400275
22400276
22400277
22400278
22400279
22400280
22400281
22400282
22400283
22400284
22400285
22400286
22400287
22400288
22400289
22400290
22400291
22400292
22400293
22400294
22400295
22400296
22400297
22400298
22400299
22400300
22400301
22400302
22400303
22400304
22400305
22400306
22400307
22400308
22400309
22400310
22400311
22400312
22400313
22400314
22400315
22400316
22400317
22400318
22400319
22400320
22400321
22400322
22400323
22400324
22400325
22400326
22400327
22400328
22400329
22400330
22400331
22400332
22400333
22400334
22400335
22400336
22400337
22400338
22400339
22400340
22400341
22400342
22400343
22400344
22400345
22400346
22400347
22400348
22400349
22400350
22400351
22400352
22400353
22400354
22400355
22400356
22400357
22400358
22400359
22400360
22400361
22400362
22400363
22400364
22400365
22400366
22400367
22400368
22400369
22400370
22400371
22400372
22400373
22400374
22400375
22400376
22400377
22400378
22400379
22400380
22400381
22400382
22400383
22400384
22400385
22400386
22400387
22400388
22400389
22400390
22400391
22400392
22400393
22400394
22400395
22400396
22400397
22400398
22400399
22400400
22400401
22400402
22400403
22400404
22400405
22400406
22400407
22400408
22400409
22400410
22400411
22400412
22400413
22400414
22400415
22400416
22400417
22400418
22400419
22400420
22400421
22400422
22400423
22400424
22400425
22400426
22400427
22400428
22400429
22400430
22400431
22400432
22400433
22400434
22400435
22400436
22400437
22400438
22400439
22400440
22400441
22400442
22400443
22400444
22400445
22400446
22400447
22400448
22400449
22400450
22400451
22400452
22400453
22400454
22400455
22400456
22400457
22400458
22400459
22400460
22400461
22400462
22400463
22400464
22400465
22400466
22400467
22400468
22400469
22400470
22400471
22400472
22400473
22400474
22400475
22400476
22400477
22400478
22400479
22400480
22400481
22400482
22400483
22400484
22400485
22400486
22400487
22400488
22400489
22400490
22400491
22400492
22400493
22400494
22400495
22400496
22400497
22400498
22400499
22400500
22400501
22400502
22400503
22400504
22400505
22400506
22400507
22400508
22400509
22400510
22400511
22400512
22400513
22400514
22400515
22400516
22400517
22400518
22400519
22400520
22400521
22400522
22400523
22400524
22400525
22400526
22400527
22400528
22400529
22400530
22400531
22400532
22400533
22400534
22400535
22400536
22400537
22400538
22400539
22400540
22400541
22400542
22400543
22400544
22400545
22400546
22400547
22400548
22400549
22400550
22400551
22400552
22400553
22400554
22400555
22400556
22400557
22400558
22400559
22400560
22400561
22400562
22400563
22400564
22400565
22400566
22400567
22400568
22400569
22400570
22400571
22400572
22400573
22400574
22400575
22400576
22400577
22400578
22400579
22400580
22400581
22400582
22400583
22400584
22400585
22400586
22400587
22400588
22400589
22400590
22400591
22400592
22400593
22400594
22400595
22400596
22400597
22400598
22400599
22400600
22400601
22400602
22400603
22400604
22400605
22400606
22400607
22400608
22400609
22400610
22400611
22400612
22400613
22400614
22400615
22400616
22400617
22400618
22400619
22400620
22400621
22400622
22400623
22400624
22400625
22400626
22400627
22400628
22400629
22400630
22400631
22400632
22400633
22400634
22400635
22400636
22400637
22400638
22400639
22400640
22400641
22400642
22400643
22400644
22400645
22400646
22400647
22400648
22400649
22400650
22400651
22400652
22400653
22400654
22400655
22400656
22400657
22400658
22400659
22400660
22400661
22400662
22400663
22400664
22400665
22400666
22400667
22400668
22400669
22400670
22400671
22400672
22400673
22400674
22400675
22400676
22400677
22400678
22400679
22400680
22400681
22400682
22400683
22400684
22400685
22400686
22400687
22400688
22400689
22400690
22400691
22400692
22400693
22400694
22400695
22400696
22400697
22400698
22400699
22400700
22400701
22400702
22400703
22400704
22400705
22400706
22400707
22400708
22400709
22400710
22400711
22400712
22400713
22400714
22400715
22400716
22400717
22400718
22400719
22400720
22400721
22400722
22400723
22400724
22400725
22400726
22400727
22400728
22400729
22400730
22400731
22400732
22400733
22400734
22400735
22400736
22400737
22400738
22400739
22400740
22400741
22400742
22400743
22400744
22400745
22400746
22400747
22400748
22400749
22400750
22400751
22400752
22400753
22400754
22400755
22400756
22400757
22400758
22400759
22400760
22400761
22400762
22400763
22400764
22400765
22400766
22400767
22400768
22400769
22400770
22400771
22400772
22400773
22400774
22400775
22400776
22400777
22400778
22400779
22400780
22400781
22400782
22400783
22400784
22400785
22400786
22400787
22400788
22400789
22400790
22400791
22400792
22400793
22400794
22400795
22400796
22400797
22400798
22400799
22400800
22400801
22400802
22400803
22400804
22400805
22400806
22400807
22400808
22400809
22400810
22400811
22400812
22400813
22400814
22400815
22400816
22400817
22400818
22400819
22400820
22400821
22400822
22400823
22400824
22400825
22400826
22400827
22400828
22400829
22400830
22400831
22400832
22400833
22400834
22400835
22400836
22400837
22400838
22400839
22400840
22400841
22400842
22400843
22400844
22400845
22400846
22400847
22400848
22400849
22400850
22400851
22400852
22400853
22400854
22400855
22400856
22400857
22400858
22400859
22400860
22400861
22400862
22400863
22400864
22400865
22400866
22400867
22400868
22400869
22400870
22400871
22400872
22400873
22400874
22400875
22400876
22400877
22400878
22400879
22400880
22400881
22400882
22400883
22400884
22400885
22400886
22400887
22400888
22400889
22400890
22400891
22400892
22400893
22400894
22400895
22400896
22400897
22400898
22400899
22400900
22400901
22400902
22400903
22400904
22400905
22400906
22400907
22400908
22400909
22400910
22400911
22400912
22400913
22400914
22400915
22400916
22400917
22400918
22400919
22400920
22400921
22400922
22400923
22400924
22400925
22400926
22400927
22400928
22400929
22400930
22400931
22400932
22400933
22400934
22400935
22400936
22400937
22400938
22400939
22400940
22400941
22400942
22400943
22400944
22400945
22400946
22400947
22400948
22400949
22400950
22400951
22400952
22400953
22400954
22400955
22400956
22400957
22400958
22400959
22400960
22400961
22400962
22400963
22400964
22400965
22400966
22400967
22400968
22400969
22400970
22400971
22400972
22400973
22400974
22400975
22400976
22400977
22400978
22400979
22400980
22400981
22400982
22400984
22400985
22400986
22400987
22400988
22400989
22400990
22400991
22400992
22400993
22400994
22400995
22400996
22400997
22400998
22400999
22401000
22401001
22401002
22401003
22401004
22401005
22401006
22401007
22401008
22401009
22401010
22401011
22401012
22401013
22401014
22401015
22401016
22401017
22401018
22401019
22401020
22401021
22401022
22401023
22401024
22401025
22401026
22401027
22401028
22401029
22401030
22401031
22401032
22401033
22401034
22401035
22401036
22401037
22401038
22401039
22401040
22401041
22401042
22401043
22401044
22401045
22401046
22401047
22401048
22401049
22401050
22401051
22401052
22401053
22401054
22401055
22401056
22401057
22401058
22401059
22401060
22401061
22401062
22401063
22401064
22401065
22401066
22401067
22401068
22401069
22401070
22401071
22401072
22401073
22401074
22401075
22401076
22401077
22401078
22401079
22401080
22401081
22401082
22401083
22401084
22401085
22401086
22401087
22401088
22401089
22401090
22401091
22401092
22401093
22401094
22401095
22401096
22401097
22401098
22401099
22401100
22401101
22401102
22401103
22401104
22401105
22401106
22401107
22401108
22401109
22401110
22401111
22401112
22401113
22401114
22401115
22401116
22401117
22401118
22401119
22401120
22401121
22401122
22401123
22401124
22401125
22401126
22401127
22401128
22401129
22401130
22401131
22401132
22401133
22401134
22401135
22401136
22401137
22401138
22401139
22401140
22401142
22401143
22401144
22401145
22401146
22401147
22401148
22401149
22401150
22401151
22401152
22401153
22401154
22401155
22401156
22401157
22401158
22401159
22401160
22401161
22401162
22401163
22401164
22401165
22401166
22401167
22401168
22401169
22401170
22401171
22401172
22401173
22401174
22401175
22401176
22401177
22401178
22401179
22401180
22401181
22401182
22401183
22401184
22401185
22401186
22401187
22401188
22401189
22401190
22401191
22401192
22401193
22401194
22401195
22401196
22401197
22401198
22401199
22401200
22401201
22401202
22401203
22401204
22401205
22401206
22401207
22401208
22401209
22401210
22401211
22401212
22401213
22401214
22401215
22401216
22401217
22401218
22401219
22401220
22401221
22401222
22401223
22401224
22401225
22401226
22401227
22401228
22401229
22401230
22500001
22500002
22500003
22500004
22500005
22500006
22500007
22500008
22500009
22500010
22500011
22500012
22500013
22500014
22500015
22500016
22500017
22500018
22500019
22500020
22500021
22500022
22500023
22500024
22500025
22500026
22500027
22500028
22500029
22500030
22500031
22500032
22500033
22500034
22500035
22500036
22500037
22500038
22500039
22500040
22500041
22500042
22500043
22500044
22500045
22500046
22500047
22500048
22500049
22500050
22500051
22500052
22500053
22500054
22500055
22500056
22500057
22500058
22500059
22500060
22500061
22500062
22500063
22500064
22500065
22500066
22500067
22500068
22500069
22500070
22500071
22500072
22500073
22500074
22500075
22500076
22500077
22500078
22500079
22500080
22500081
22500082
22500083
22500084
22500085
22500086
22500087
22500088
22500089
22500090
22500091
22500092
22500093
22500094
22500095
22500096
22500097
22500098
22500099
22500100
22500101
22500102
22500103
22500104
22500105
22500106
22500107
22500108
22500109
22500110
22500111
22500112
22500113
22500114
22500115
22500116
22500117
22500118
22500119
22500120
22500121
22500122
22500123
22500124
22500125
22500126
22500127
22500128
22500129
22500130
22500131
22500132
22500133
22500134
22500135
22500136
22500137
22500138
22500139
22500140
22500141
22500142
22500143
22500144
22500145
22500146
22500147
22500148
22500149
22500150
22500151
22500152
22500153
22500154
22500155
22500156
22500157
22500158
22500159
22500160
22500161
22500162
22500163
22500164
22500165
22500166
22500167
22500168
22500169
22500170
22500171
22500172
22500173
22500174
22500175
22500176
22500177
22500178
22500179
22500180
22500181
22500182
22500183
22500184
22500185
22500186
22500187
22500188
22500189
22500190
22500191
22500192
22500193
22500194
22500195
22500196
22500197
22500198
22500199
22500200
22500201
22500202
22500203
22500204
22500205
22500206
22500207
22500208
22500209
22500210
22500211
22500212
22500213
22500214
22500215
22500216
22500217
22500218
22500219
22500220
22500221
22500222
22500223
22500224
22500225
22500226
22500227
22500228
22500229
22500230
22500231
22500232
22500233
22500234
22500235
22500236
22500237
22500238
22500239
22500240
22500241
22500242
22500243
22500244
22500245
22500246
22500247
22500248
22500249
22500250
22500251
22500252
22500253
22500254
22500255
22500256
22500257
22500258
22500259
22500260
22500261
22500262
22500263
22500264
22500265
22500266
22500267
22500268
22500269
22500270
22500271
22500272
22500273
22500274
22500275
22500276
22500277
22500278
22500279
22500280
22500281
22500282
22500283
22500284
22500285
22500286
22500287
22500288
22500289
22500290
22500291
22500292
22500293
22500294
22500295
22500296
22500297
22500298
22500299
22500300
22500301
22500302
22500303
22500304
22500305
22500306
22500307
22500308
22500309
22500310
22500311
22500312
22500313
22500314
22500315
22500316
22500317
22500318
22500319
22500320
22500321
22500322
22500323
22500324
22500325
22500326
22500327
22500328
22500329
22500330
22500331
22500332
22500333
22500334
22500335
22500336
22500337
22500338
22500339
22500340
22500341
22500342
22500343
22500344
22500345
22500346
22500347
22500348
22500349
22500350
22500351
22500352
22500353
22500354
22500355
22500356
22500357
22500358
22500359
22500360
22500361
22500362
22500363
22500364
22500365
22500366
22500367
22500368
22500369
22500370
22500371
22500372
22500373
22500374
22500375
22500376
22500377
22500378
22500379
22500380
22500381
22500382
22500383
22500384
22500385
22500386
22500387
22500388
22500389
22500390
22500391
22500392
22500393
22500394
22500395
22500396
22500397
22500398
22500399
22500400
22500401
22500402
22500403
22500404
22500405
22500406
22500407
22500408
22500409
22500410
22500411
22500412
22500413
22500414
22500415
22500416
22500417
22500418
22500419
22500420
22500421
22500422
22500423
22500424
22500425
22500426
22500427
22500428
22500429
22500430
22500431
22500432
22500433
22500434
22500435
22500436
22500437
22500438
22500439
22500440
22500441
22500442
22500443
22500444
22500445
22500446
22500447
22500448
22500449
22500450
22500451
22500452
22500453
22500454
22500455
22500456
22500457
22500458
22500459
22500460
22500461
22500462
22500463
22500464
22500465
22500466
22500467
22500468
22500469
22500470
22500471
22500472
22500473
22500474
22500475
22500476
22500477
22500478
22500479
22500480
22500481
22500482
22500483
22500484
22500485
22500486
22500487
22500488
22500489
22500490
22500491
22500492
22500493
22500494
22500495
22500496
22500497
22500498
22500499
22500500
22500501
22500502
22500503
22500504
22500505
22500506
22500507
22500508
22500509
22500510
22500511
22500512
22500513
22500514
22500515
22500516
22500517
22500518
22500519
22500520
22500521
22500522
22500523
22500524
22500525
22500526
22500527
22500528
22500529
22500530
22500531
22500532
22500533
22500534
22500535
22500536
22500537
22500538
22500539
22500540
22500541
22500542
22500543
22500544
22500545
22500546
22500547
22500548
22500549
22500550
22500551
22500552
22500553
22500554
22500555
22500556
22500557
22500558
22500559
22500560
22500561
22500562
22500563
22500564
22500565
22500566
22500567
22500568
22500569
22500570
22500571
22500572
22500573
22500574
22500575
22500576
22500577
22500578
22500579
22500580
22500581
22500582
22500583
22500584
22500585
22500586
22500587
22500588
22500589
22500590
22500591
22500592
22500593
22500594
22500595
22500596
22500597
22500598
22500599
22500600
22500601
22500602
22500603
22500604
22500605
22500606
22500607
22500608
22500609
22500610
22500611
22500612
22500613
22500614
22500615
22500616
22500617
22500618
22500619
22500620
22500621
22500622
22500623
22500624
22500625
22500626
22500627
22500628
22500629
22500630
22500631
22500632
22500633
22500634
22500635
22500636
22500637
22500638
22500639
22500640
22500641
22500642
22500643
22500644
22500645
22500646
22500647
22500648
22500649
22500650
22500651
22500652
22500653
22500654
22500655
22500656
22500657
22500658
22500659
22500660
22500661
22500662
22500663
22500664
22500665
22500666
22500667
22500668
22500669
22500670
22500671
22500672
22500673
22500674
22500675
22500676
22500677
22500678
22500679
22500680
22500681
22500682
22500683
22500684
22500685
22500686
22500687
22500688
22500689
22500690
22500691
22500692
22500693
22500694
22500695
22500696
22500697
22500698
22500699
22500700
22500701
22500702
22500703
22500704
22500705
22500706
22500707
22500708
22500709
22500710
22500711
22500712
22500713
22500714
22500715
22500716
22500717
22500718
22500719
22500720
22500721
22500722
22500723
22500724
22500725
22500726
22500727
22500728
22500729
22500730
22500731
22500732
22500733
22500734
22500735
22500736
22500737
22500738
22500739
22500740
22500741
22500742
22500743
22500744
22500745
22500746
22500747
22500748
22500749
22500750
22500751
22500752
22500753
22500754
22500755
22500756
22500757
22500758
22500759
22500760
22500761
22500762
22500763
22500764
22500765
22500766
22500767
22500768
22500769
22500770
22500771
22500772
22500773
22500774
22500775
22500776
22500777
22500778
22500779
22500780
22500781
22500782
22500783
22500784
22500785
22500786
22500787
22500788
22500789
22500790
22500791
22500792
22500793
22500794
22500795
22500796
22500797
22500798
22500799
22500800
22500801
22500802
22500803
22500804
22500805
22500806
22500807
22500808
22500809
22500810
22500811
22500812
22500813
22500814
22500815
22500816
22500817
22500818
22500819
22500820
22500821
22500822
22500823
22500824
22500825
22500826
22500827
22500828
22500829
22500830
22500831
22500832
22500833
22500834
22500835
22500836
22500837
22500838
22500839
22500840
22500841
22500842
22500843
22500844
22500845
22500846
22500847
22500848
22500849
22500850
22500851
22500852
22500853
22500854
22500855
22500856
22500857
22500858
22500859
22500860
22500861
22500862
22500863
22500864
22500865
22500866
22500867
22500868
22500869
22500870
22500871
22500872
22500873
22500874
22500875
22500876
22500877
22500878
22500879
22500880
22500881
22500882
22500883
22500884
22500885
22500886
22500887
22500888
22500889
22500890
22500891
22500892
22500893
22500894
22500895
22500896
22500897
22500898
22500899
22500900
22500901
22500902
22500903
22500904
22500905
22500906
22500907
22500908
22500909
22500910
22500911
22500912
22500913
22500914
22500915
22500916
22500917
22500918
22500919
22500920
22500921
22500922
22500923
22500924
22500925
22500926
22500927
22500928
22500929
22500930
22500931
22500932
22500933
22500934
22500935
22500936
22500937
22500938
22500939
22500940
22500941
22500942
22500943
22500944
22500945
22500946
22500947
22500948
22500949
22500950
22500951
22500952
22500953
22500954
22500955
22500956
22500957
22500958
22500959
22500960
22500961
22500962
22500963
22500964
22500965
22500966
22500967
22500968
22500969
22500970
22500971
22500972
22500973
22500974
22500975
22500976
22500977
22500978
22500979
22500980
22500981
22500982
22500983
22500984
22500985
22500986
22500987
22500988
22500989
22500990
22500991
22500992
22500993
22500994
22500995
22500996
22500997
22500998
22500999
22501000
22501001
22501002
22501003
22501004
22501005
22501006
22501007
22501008
22501009
22501010
22501011
22501012
22501013
22501014
22501015
22501016
22501017
22501018
22501019
22501020
22501021
22501022
22501023
22501024
22501025
22501026
22501027
22501028
22501029
22501030
22501031
22501032
22501033
22501034
22501035
22501036
22501037
22501038
22501039
22501040
22501041
22501042
22501043
22501044
22501045
22501046
22501047
22501048
22501049
22501050
22501051
22501052
22501053
22501054
22501055
22501056
22501057
22501058
22501059
22501060
22501061
22501062
22501063
22501064
22501065
22501066
22501067
22501068
22501069
22501070
22501071
22501072
22501073
22501074
22501075
22501076
22501077
22501078
22501079
22501080
22501081
22501082
22501083
22501084
22501085
22501086
22501087
22501088
22501089
22501090
22501091
22501092
22501093
22501094
22501095
22501096
22501097
22501098
22501099
22501100
22501101
22501102
22501103
22501104
22501105
22501106
22501107
22501108
22501109
22501110
22501111
22501112
22501113
22501114
22501115
22501116
22501117
22501118
22501119
22501120
22501121
22501122
22501123
22501124
22501125
22501126
22501127
22501128
22501129
22501130
22501131
22501132
22501133
22501134
22501135
22501136
22501137
22501138
22501139
22501140
22501141
22501142
22501143
22501144
22501145
22501146
22501147
22501148
22501149
22501150
22501151
22501152
22501153
22501154
22501155
22501156
22501157
22501158
22501159
22501160
22501161
22501162
22501163
22501164
22501165
22501166
22501167
22501168
22501169
22501170
22501171
22501172
22501173
22501174
22501175
22501176
22501177
22501178
22501179
22501180
22501181
22501182
22501183
22501184
22501185
22501186
22501187
22501188
22501189
22501190
22501191
22501192
22501193
22501194
22501195
22501196
22501197
22501198
22501199
22501200
22501201
22501202
22501203
22501204
22501205
22501206
22501207
22501208
22501209
22501210
22501211
22501212
22501213
22501214
22501215
22501216
22501217
22501218
22501219
22501220
22501221
22501222
22501223
22501224
22501225
22501226
22501227
22501228
22501229
22501230
42100101
42100102
42100103
42100104
42100105
42100111
42100112
42100113
42100114
42100121
42100122
42100123
42100124
42100125
42100131
42100132
42100133
42100134
42100135
42100136
42100141
42100142
42100143
42100144
42100145
42100146
42100151
42100152
42100153
42100154
42100155
42100156
42100161
42100162
42100163
42100164
42100165
42100171
42100172
42100173
42100174
42100175
42100176
42100201
42100202
42100203
42100204
42100205
42100206
42100211
42100212
42100213
42100214
42100215
42100216
42100217
42100221
42100222
42100223
42100224
42100226
42100227
42100231
42100232
42100233
42100234
42100235
42100236
42100301
42100302
42100303
42100304
42100305
42100306
42100307
42100311
42100312
42100313
42100314
42100315
42100401
42100402
42100403
42100404
42100405
42100406
42200101
42200102
42200103
42200104
42200105
42200111
42200112
42200113
42200114
42200115
42200116
42200121
42200122
42200123
42200124
42200131
42200132
42200133
42200134
42200135
42200141
42200142
42200143
42200144
42200145
42200151
42200152
42200153
42200154
42200155
42200156
42200161
42200162
42200163
42200164
42200165
42200166
42200167
42200171
42200172
42200173
42200174
42200175
42200201
42200202
42200203
42200204
42200205
42200206
42200211
42200212
42200213
42200214
42200215
42200216
42200217
42200221
42200222
42200223
42200224
42200225
42200226
42200231
42200232
42200233
42200234
42200235
42200236
42200301
42200302
42200303
42200304
42200305
42200306
42200307
42200311
42200312
42200313
42200314
42200401
42200402
42200403
42200404
42200405
42300101
42300102
42300103
42300104
42300105
42300111
42300112
42300113
42300114
42300115
42300116
42300121
42300122
42300123
42300124
42300125
42300126
42300131
42300132
42300133
42300134
42300135
42300136
42300137
42300141
42300142
42300143
42300144
42300151
42300152
42300153
42300154
42300155
42300161
42300162
42300163
42300164
42300171
42300172
42300173
42300174
42300175
42300176
42300201
42300202
42300203
42300204
42300205
42300211
42300212
42300213
42300214
42300215
42300216
42300217
42300221
42300222
42300223
42300224
42300225
42300226
42300231
42300232
42300233
42300234
42300235
42300236
42300237
42300301
42300302
42300303
42300304
42300311
42300312
42300313
42300314
42300315
42300401
42300402
42300403
42300404
42300405
42400101
42400102
42400103
42400104
42400111
42400112
42400113
42400114
42400115
42400121
42400122
42400123
42400124
42400125
42400126
42400131
42400132
42400133
42400134
42400135
42400141
42400142
42400143
42400144
42400151
42400152
42400153
42400154
42400155
42400156
42400157
42400161
42400162
42400163
42400164
42400165
42400171
42400172
42400173
42400174
42400175
42400176
42400177
42400201
42400202
42400203
42400204
42400205
42400211
42400212
42400213
42400214
42400215
42400216
42400221
42400222
42400223
42400224
42400225
42400226
42400227
42400231
42400232
42400233
42400234
42400235
42400301
42400302
42400303
42400304
42400305
42400306
42400311
42400312
42400313
42400314
42400315
42400401
42400402
42400403
42400404
42400405
42400406
42400407
42500101
42500102
42500103
42500104
42500105
42500106
42500107
42500111
42500112
42500113
42500114
42500115
42500116
42500117
42500121
42500122
42500123
42500124
42500125
42500126
42500131
42500132
42500133
42500134
42500135
42500136
42500137
42500141
42500142
42500143
42500144
42500151
42500152
42500153
42500154
42500155
42500161
42500162
42500163
42500164
42500165
42500166
42500171
42500172
42500173
42500174
42500175
42500176
42500201
42500202
42500203
42500204
42500205
42500211
42500212
42500213
42500214
42500221
42500222
42500223
42500224
42500231
42500232
42500233
42500234
42500235
52100101
52100111
52100121
52100131
52100201
52100211
52200101
52200111
52200121
52200131
52200201
52200211
52300101
52300111
52300121
52300131
52300201
52300211
52400101
52400111
52400121
52400131
52400201
52400211
52500101
52500111
52500121
52500131
52500201
52500211